0456787
5920338
7325712
0057058
4228129
5997256
4023463
2994537
8738387
2016328
6257056
2369573
0886567
7871656
9920198
6744252
5729058
1354642
9060825
3146277
9107616
0299469
0706798
7495616
1977251
4314661
8297667
3588191
4399156
1782198
5644272
8542223
6641114
6637954
3897295
0147292
8701803
5657948
6979311
9114017
4608809
4479908
2590321
8208738
3403843
5072006
8789975
5534768
0154506
7428780
4610681
7122109
9235865
1852179
1244987
2135504
9813978
6877018
0266814
4435225
8565232
4481532
2739920
7821959
9909955
0557762
0330321
0433918
1229990
8780579
1946447
8251626
2324904
7294614
2592493
1863655
9000800
0785013
8902813
9517867
5170212
2942335
7160510
5722111
1348366
4843447
6119646
8972015
0772481
5925852
9383848
9620421
7652147
5789286
3250263
3371607
6466703
8603053
4952866
5711655
7912914
0086875
7923923
3288227
9505766
1788931
8617144
9599920
2905014
7063442
8999407
5662216
6115019
0112547
9946662
8823042
7225571
7406304
8357836
3900344
5521092
3636741
6265988
2622531
7063325
7570195
5295126
3326409
9381575
3832536
5873117
8368234
5237597
6298448
5864785
5792267